Cant=[2;1;2;5;1]
cost=[2.20;6.25;1.25;4.55;7.15]
%Lucia
x1=2*2.20
y1=1*6.25
z1=2*1.25
w1=5*4.55
m1=1*7.15
totalLucia=x1+y1+z1+w1+m1
%Trini
x2=3*2.20
y2=2*6.25
z2=1*1.25
w2=4*4.55
m2=3*7.15
totalLucia=x2+y2+z2+w2+m2
